3132062 1.857E-006 1.11E-002 215 1.97 -121.710268 37.698645
3132873 1.804E-006 1.14E-002 194 2.47 -121.710268 37.698645
3133684 1.820E-006 1.14E-002 217 2.38 -121.710268 37.698645
3134496 1.794E-006 1.14E-002 208 1.77 -121.710268 37.698645
3135307 1.856E-006 1.13E-002 199 1.68 -121.710268 37.698645
3136118 1.872E-006 1.16E-002 209 1.56 -121.710268 37.698645
3136929 1.869E-006 1.15E-002 198 1.64 -121.710268 37.698645
3137740 1.834E-006 1.11E-002 202 1.97 -121.710268 37.698645
3141999 1.810E-006 1.15E-002 205 2.46 -121.710270 37.698647
3142810 1.868E-006 1.15E-002 197 1.81 -121.710267 37.698647
3143622 1.846E-006 1.14E-002 190 2.22 -121.710267 37.698647
3144433 1.888E-006 1.16E-002 164 1.97 -121.710257 37.698652
3145244 1.871E-006 1.14E-002 202 1.25 -121.710257 37.698652
3146055 1.831E-006 1.13E-002 168 2.07 -121.710250 37.698655
3146866 1.856E-006 1.14E-002 174 2.45 -121.710243 37.698657
3147678 1.838E-006 1.13E-002 191 2.43 -121.710235 37.698660
3148489 1.893E-006 1.15E-002 195 1.90 -121.710235 37.698660
3149300 1.859E-006 1.14E-002 229 2.09 -121.710225 37.698663
3150111 1.823E-006 1.15E-002 217 1.75 -121.710217 37.698665
3150922 1.855E-006 1.13E-002 206 2.50 -121.710212 37.698663
3151734 1.843E-006 1.14E-002 202 2.12 -121.710208 37.698665
3152545 1.894E-006 1.12E-002 226 1.78 -121.710205 37.698662
3153356 1.852E-006 1.15E-002 195 2.00 -121.710205 37.698662
3154167 1.832E-006 1.20E-002 203 1.79 -121.710205 37.698660
3154978 1.900E-006 1.14E-002 214 1.63 -121.710207 37.698660
3155790 1.899E-006 1.12E-002 209 1.82 -121.710212 37.698663
3156601 1.847E-006 1.11E-002 223 2.29 -121.710217 37.698667
3157426 1.881E-006 1.17E-002 234 1.93 -121.710220 37.698672
3158238 2.393E-006 1.17E-002 224 1.22 -121.710220 37.698672
3159049 2.319E-006 1.17E-002 202 1.57 -121.710225 37.698678
3159860 2.331E-006 1.14E-002 195 1.45 -121.710228 37.698683
3160671 2.359E-006 1.15E-002 161 1.39 -121.710233 37.698692
3161482 2.100E-006 1.14E-002 238 2.37 -121.710233 37.698698
3162294 2.011E-006 1.16E-002 203 1.99 -121.710233 37.698698
3163105 2.092E-006 1.14E-002 192 1.89 -121.710235 37.698707
3163916 2.094E-006 1.15E-002 232 1.34 -121.710235 37.698715
3164727 1.887E-006 1.13E-002 182 1.15 -121.710235 37.698723
3165529 1.911E-006 1.14E-002 203 1.38 -121.710235 37.698733
3166348 2.004E-006 1.15E-002 205 1.49 -121.710235 37.698733
3167159 1.905E-006 1.15E-002 202 1.87 -121.710232 37.698740
3168175 1.907E-006 1.14E-002 191 1.90 -121.710232 37.698747
3168980 1.858E-006 1.17E-002 209 1.56 -121.710230 37.698753
3169795 1.866E-006 1.16E-002 232 1.34 -121.710232 37.698762
3170595 1.832E-006 1.16E-002 204 1.71 -121.710232 37.698770
3171407 1.827E-006 1.17E-002 207 1.52 -121.710233 37.698778
3172218 1.872E-006 1.15E-002 216 1.75 -121.710233 37.698778
3173029 1.846E-006 1.15E-002 226 1.82 -121.710235 37.698787
3173840 1.845E-006 1.16E-002 211 1.38 -121.710238 37.698793
3174651 1.876E-006 1.16E-002 235 1.76 -121.710240 37.698805
3175463 1.884E-006 1.21E-002 235 1.74 -121.710242 37.698813
3176274 1.831E-006 1.18E-002 230 1.46 -121.710242 37.698813
3177085 1.840E-006 1.14E-002 238 1.48 -121.710245 37.698823
3177896 1.819E-006 1.14E-002 248 1.60 -121.710248 37.698833
3178707 1.874E-006 1.16E-002 235 1.26 -121.710252 37.698842
3179519 1.836E-006 1.14E-002 229 1.65 -121.710253 37.698853
3180330 1.867E-006 1.16E-002 210 1.37 -121.710253 37.698853
3181141 1.912E-006 1.17E-002 238 1.15 -121.710255 37.698863
3181952 1.855E-006 1.15E-002 227 1.38 -121.710257 37.698872
3182763 1.906E-006 1.16E-002 227 1.51 -121.710258 37.698880
3183575 1.826E-006 1.15E-002 230 1.36 -121.710258 37.698880
3184386 1.858E-006 1.14E-002 244 1.33 -121.710262 37.698887
3185197 1.894E-006 1.18E-002 230 1.58 -121.710267 37.698898
3186008 1.825E-006 1.16E-002 214 1.40 -121.710273 37.698910
3186819 1.898E-006 1.11E-002 202 1.19 -121.710277 37.698920
3187631 1.863E-006 1.14E-002 207 1.64 -121.710280 37.698930
3188442 1.842E-006 1.14E-002 196 1.68 -121.710280 37.698930
3189253 1.852E-006 1.16E-002 208 1.27 -121.710285 37.698940
3190064 1.853E-006 1.15E-002 188 1.24 -121.710287 37.698952
3191078 1.869E-006 1.13E-002 195 1.27 -121.710290 37.698962
3191889 1.914E-006 1.14E-002 225 0.97 -121.710295 37.698972
3192701 1.866E-006 1.15E-002 226 0.84 -121.710295 37.698982
3193512 1.838E-006 1.15E-002 184 1.88 -121.710295 37.698982
3194323 1.837E-006 1.15E-002 190 2.16 -121.710297 37.698990
3195134 1.870E-006 1.14E-002 204 1.62 -121.710298 37.698998
3195945 1.846E-006 1.14E-002 200 1.72 -121.710293 37.699012
3196757 2.544E-006 1.16E-002 184 1.59 -121.710288 37.699022
3197779 6.445E-006 1.21E-002 180 1.52 -121.710288 37.699028
3198559 4.515E-006 1.17E-002 198 1.59 -121.710288 37.699028
3199317 5.051E-006 1.19E-002 199 1.58 -121.710288 37.699040
3200214 5.672E-006 1.15E-002 199 1.58 -121.710290 37.699050
3200959 4.717E-006 1.16E-002 187 1.85 -121.710295 37.699058
3201727 5.677E-006 1.17E-002 189 1.19 -121.710298 37.699063
3202645 5.142E-006 1.21E-002 198 2.35 -121.710298 37.699063
3203415 5.509E-006 1.19E-002 198 2.13 -121.710298 37.699065
3204272 5.477E-006 1.20E-002 202 2.08 -121.710300 37.699065
3205037 5.032E-006 1.18E-002 198 1.80 -121.710298 37.699070
3205681 5.985E-006 1.18E-002 195 1.57 -121.710300 37.699078
3206502 5.161E-006 1.17E-002 204 1.49 -121.710300 37.699078
3207313 5.260E-006 1.16E-002 187 1.34 -121.710303 37.699090
3208124 5.437E-006 1.18E-002 177 1.52 -121.710307 37.699098
3208935 5.439E-006 1.18E-002 203 1.25 -121.710308 37.699108
3209747 4.887E-006 1.18E-002 212 1.22 -121.710312 37.699117
3210558 2.047E-006 1.17E-002 180 0.81 -121.710315 37.699125
3211369 2.210E-006 1.20E-002 124 0.85 -121.710318 37.699130
3212180 2.711E-006 1.16E-002 204 1.32 -121.710318 37.699130
3212991 3.508E-006 1.14E-002 207 1.74 -121.710322 37.699128
3213803 3.686E-006 1.15E-002 210 1.60 -121.710320 37.699123
3214614 4.162E-006 1.15E-002 223 1.74 -121.710315 37.699118
3215419 3.864E-006 1.15E-002 216 1.44 -121.710315 37.699118
3216231 3.066E-006 1.17E-002 212 1.89 -121.710313 37.699112
3217245 4.109E-006 1.17E-002 198 1.31 -121.710313 37.699105
3218060 7.847E-006 1.20E-002 231 1.21 -121.710313 37.699098
3218866 7.799E-006 1.16E-002 232 1.47 -121.710312 37.699092
3219681 6.650E-006 1.16E-002 230 0.85 -121.710312 37.699083
3220497 9.840E-006 1.18E-002 232 0.78 -121.710312 37.699083
3221303 2.414E-005 1.20E-002 262 0.80 -121.710312 37.699077
3222118 7.562E-006 1.20E-002 245 0.94 -121.710312 37.699070
3222929 1.385E-005 1.20E-002 225 0.29 -121.710313 37.699062
3223734 1.929E-005 1.21E-002 261 0.64 -121.710313 37.699062
3224549 9.434E-006 1.17E-002 230 0.69 -121.710318 37.699055
3225361 7.988E-006 1.18E-002 238 1.09 -121.710322 37.699052
3226172 7.279E-006 1.16E-002 224 1.08 -121.710325 37.699047
3226983 1.130E-005 1.20E-002 215 2.05 -121.710328 37.699047
3227794 1.172E-005 1.20E-002 209 2.57 -121.710330 37.699050
3228605 1.361E-005 1.20E-002 226 2.09 -121.710330 37.699050
3229431 1.358E-005 1.20E-002 216 2.29 -121.710333 37.699052
3230247 1.233E-005 1.21E-002 204 2.64 -121.710335 37.699053
3231052 1.148E-005 1.21E-002 203 2.71 -121.710337 37.699055
3231863 1.025E-004 1.25E-003 167 1.99 -121.710338 37.699053
3232679 1.944E-004 0.00E+000 155 1.57 -121.710338 37.699053
3233485 1.296E-004 1.02E-002 136 0.48 -121.710338 37.699053
3234316 3.471E-005 1.06E-002 153 1.02 -121.710340 37.699053
3235127 7.746E-006 1.17E-002 181 1.31 -121.710340 37.699053
3235938 5.041E-006 1.17E-002 169 1.83 -121.710340 37.699053
3236749 3.130E-006 1.18E-002 161 0.99 -121.710338 37.699053
3237561 3.574E-006 1.16E-002 200 1.49 -121.710338 37.699055
3238372 3.194E-006 1.15E-002 202 1.68 -121.710338 37.699055
3239183 3.621E-006 1.17E-002 189 1.68 -121.710338 37.699058
3240197 5.448E-006 1.16E-002 140 0.97 -121.710340 37.699062